MsgID.STATE,0.0000000,True,True,1
MsgID.GLOBAL_HOME,0.0000000,-122.3974533,37.7924804,0.0000000
MsgID.GLOBAL_POSITION,0.0000000,-122.3984791,37.7943475,0.2140000
MsgID.LOCAL_VELOCITY,0.0000000,0.0000000,0.0000000,0.0000000
MsgID.LOCAL_POSITION,154.1310000,207.4585571,-91.1912613,-0.2158765
MsgID.LOCAL_VELOCITY,154.1310000,0.0000729,-0.0001860,0.0000133
MsgID.GLOBAL_POSITION,0.0000000,-122.3984792,37.7943483,0.2300000
MsgID.LOCAL_VELOCITY,0.0000000,0.0000000,0.0000000,0.0000000
MsgID.LOCAL_POSITION,154.3810000,207.5530853,-91.1929932,-0.2314240
MsgID.LOCAL_VELOCITY,154.3810000,0.0000501,-0.0002050,0.0000496
MsgID.GLOBAL_POSITION,0.0000000,-122.3984795,37.7943483,0.2350000
MsgID.LOCAL_VELOCITY,0.0000000,0.0000000,0.0000000,0.0000000
MsgID.LOCAL_POSITION,154.6310000,207.5362701,-91.2228775,-0.2359000
MsgID.LOCAL_VELOCITY,154.6310000,0.0000792,-0.0002107,0.0000124
MsgID.GLOBAL_POSITION,0.0000000,-122.3984789,37.7943464,0.2300000
MsgID.LOCAL_VELOCITY,0.0000000,0.0000000,0.0000000,0.0000000
MsgID.LOCAL_POSITION,154.8810000,207.3273315,-91.1531448,-0.2300445
MsgID.LOCAL_VELOCITY,154.8810000,0.0000714,0.0003802,-0.0000320
MsgID.STATE,0.0000000,True,True,1
MsgID.GLOBAL_HOME,0.0000000,-122.3974533,37.7924804,0.0000000
MsgID.GLOBAL_POSITION,0.0000000,-122.3984771,37.7943461,0.2170000
MsgID.LOCAL_VELOCITY,0.0000000,0.0000000,0.0000000,0.0000000
MsgID.LOCAL_POSITION,155.1310000,207.2967529,-91.0115204,-0.2169861
MsgID.LOCAL_VELOCITY,155.1310000,0.0000644,-0.0001700,0.0000335
MsgID.GLOBAL_POSITION,0.0000000,-122.3984785,37.7943466,0.2020000
MsgID.LOCAL_VELOCITY,0.0000000,0.0000000,0.0000000,0.0000000
MsgID.LOCAL_POSITION,155.3810000,207.3550415,-91.1373901,-0.2015559
MsgID.LOCAL_VELOCITY,155.3810000,0.0000739,-0.0002002,0.0000022
MsgID.GLOBAL_POSITION,0.0000000,-122.3984784,37.7943479,0.1880000
MsgID.LOCAL_VELOCITY,0.0000000,0.0000000,0.0000000,0.0000000
MsgID.LOCAL_POSITION,155.6320000,207.5029907,-91.1223755,-0.1883973
MsgID.LOCAL_VELOCITY,155.6320000,0.0000851,-0.0002145,0.0000154
MsgID.GLOBAL_POSITION,0.0000000,-122.3984772,37.7943484,0.1800000
MsgID.LOCAL_VELOCITY,0.0000000,0.0000000,0.0000000,0.0000000
MsgID.LOCAL_POSITION,155.8820000,207.5506592,-91.0158691,-0.1803887
MsgID.LOCAL_VELOCITY,155.8820000,0.0000916,-0.0000514,0.0000086
MsgID.STATE,0.0000000,True,True,1
MsgID.GLOBAL_HOME,0.0000000,-122.3974533,37.7924804,0.0000000
MsgID.GLOBAL_POSITION,0.0000000,-122.3984774,37.7943482,0.1770000
MsgID.LOCAL_VELOCITY,0.0000000,0.0000000,0.0000000,0.0000000
MsgID.LOCAL_POSITION,156.1320000,207.5299835,-91.0396576,-0.1779311
MsgID.LOCAL_VELOCITY,156.1320000,0.0000566,-0.0001969,0.0000407
MsgID.GLOBAL_POSITION,0.0000000,-122.3984776,37.7943474,0.1780000
MsgID.LOCAL_VELOCITY,0.0000000,0.0000000,0.0000000,0.0000000
MsgID.LOCAL_POSITION,156.3820000,207.4406128,-91.0558472,-0.1789631
MsgID.LOCAL_VELOCITY,156.3820000,0.0000527,-0.0002181,0.0000494
MsgID.GLOBAL_POSITION,0.0000000,-122.3984789,37.7943462,0.1790000
MsgID.LOCAL_VELOCITY,0.0000000,0.0000000,0.0000000,0.0000000
MsgID.LOCAL_POSITION,156.6320000,207.3059235,-91.1731873,-0.1794482
MsgID.LOCAL_VELOCITY,156.6320000,0.0000741,-0.0002169,0.0000246
MsgID.GLOBAL_POSITION,0.0000000,-122.3984806,37.7943471,0.1720000
MsgID.LOCAL_VELOCITY,0.0000000,0.0000000,0.0000000,0.0000000
MsgID.LOCAL_POSITION,156.8820000,207.4163055,-91.3134537,-0.1724433
MsgID.LOCAL_VELOCITY,156.8820000,0.0002272,0.0009774,0.0001756
MsgID.STATE,0.0000000,True,True,1
MsgID.GLOBAL_HOME,0.0000000,-122.3974533,37.7924804,0.0000000
MsgID.GLOBAL_POSITION,0.0000000,-122.3984790,37.7943475,0.1550000
MsgID.LOCAL_VELOCITY,0.0000000,0.0000000,0.0000000,0.0000000
MsgID.LOCAL_POSITION,157.1320000,207.4580994,-91.1820831,-0.1551298
MsgID.LOCAL_VELOCITY,157.1320000,0.0000673,-0.0002047,0.0000183
MsgID.GLOBAL_POSITION,0.0000000,-122.3984807,37.7943475,0.1290000
MsgID.LOCAL_VELOCITY,0.0000000,0.0000000,0.0000000,0.0000000
MsgID.LOCAL_POSITION,157.3820000,207.4533539,-91.3331375,-0.1293906
MsgID.LOCAL_VELOCITY,157.3820000,0.0000530,-0.0002167,0.0000476
MsgID.GLOBAL_POSITION,0.0000000,-122.3984797,37.7943472,0.1010000
MsgID.LOCAL_VELOCITY,0.0000000,0.0000000,0.0000000,0.0000000
MsgID.LOCAL_POSITION,157.6320000,207.4248047,-91.2323990,-0.1006649
MsgID.LOCAL_VELOCITY,157.6320000,0.0000671,-0.0002163,0.0000187
MsgID.GLOBAL_POSITION,0.0000000,-122.3984784,37.7943485,0.0750000
MsgID.LOCAL_VELOCITY,0.0000000,0.0000000,0.0000000,0.0000000
MsgID.LOCAL_POSITION,157.8820000,207.5698547,-91.1190262,-0.0755969
MsgID.LOCAL_VELOCITY,157.8820000,0.0000405,0.0005415,-0.0000603
MsgID.STATE,0.0000000,True,True,1
MsgID.GLOBAL_HOME,0.0000000,-122.3974533,37.7924804,0.0000000
MsgID.GLOBAL_POSITION,0.0000000,-122.3984772,37.7943490,0.0600000
MsgID.LOCAL_VELOCITY,0.0000000,0.0000000,0.0000000,0.0000000
MsgID.LOCAL_POSITION,158.1320000,207.6188812,-91.0156250,-0.0602365
MsgID.LOCAL_VELOCITY,158.1320000,0.0000745,-0.0000513,0.0000098
MsgID.GLOBAL_POSITION,0.0000000,-122.3984784,37.7943473,0.0570000
MsgID.LOCAL_VELOCITY,0.0000000,0.0000000,0.0000000,0.0000000
MsgID.LOCAL_POSITION,158.3820000,207.4260101,-91.1243668,-0.0575968
MsgID.LOCAL_VELOCITY,158.3820000,0.0000672,-0.0001670,0.0000281
MsgID.GLOBAL_POSITION,0.0000000,-122.3984796,37.7943471,0.0680000
MsgID.LOCAL_VELOCITY,0.0000000,0.0000000,0.0000000,0.0000000
MsgID.LOCAL_POSITION,158.6320000,207.4137268,-91.2287979,-0.0682376
MsgID.LOCAL_VELOCITY,158.6320000,0.0000524,-0.0002106,0.0000494
MsgID.GLOBAL_POSITION,0.0000000,-122.3984792,37.7943471,0.0900000
MsgID.LOCAL_VELOCITY,0.0000000,0.0000000,0.0000000,0.0000000
MsgID.LOCAL_POSITION,158.8820000,207.4091949,-91.1931381,-0.0906415
MsgID.LOCAL_VELOCITY,158.8820000,0.0000895,-0.0002194,0.0000194
MsgID.STATE,0.0000000,True,True,1
MsgID.GLOBAL_HOME,0.0000000,-122.3974533,37.7924804,0.0000000
MsgID.GLOBAL_POSITION,0.0000000,-122.3984792,37.7943462,0.1210000
MsgID.LOCAL_VELOCITY,0.0000000,0.0000000,0.0000000,0.0000000
MsgID.LOCAL_POSITION,159.1330000,207.3077850,-91.1929932,-0.1218043
MsgID.LOCAL_VELOCITY,159.1330000,0.0000388,0.0005430,-0.0000600
MsgID.GLOBAL_POSITION,0.0000000,-122.3984792,37.7943473,0.1560000
MsgID.LOCAL_VELOCITY,0.0000000,0.0000000,0.0000000,0.0000000
MsgID.LOCAL_POSITION,159.3830000,207.4331970,-91.1933136,-0.1566626
MsgID.LOCAL_VELOCITY,159.3830000,0.0000910,-0.0001302,0.0000086
MsgID.GLOBAL_POSITION,0.0000000,-122.3984792,37.7943475,0.1890000
MsgID.LOCAL_VELOCITY,0.0000000,0.0000000,0.0000000,0.0000000
MsgID.LOCAL_POSITION,159.6330000,207.4580994,-91.1929932,-0.1897072
MsgID.LOCAL_VELOCITY,159.6330000,0.0000687,-0.0002179,0.0000216
MsgID.GLOBAL_POSITION,0.0000000,-122.3984792,37.7943477,0.2140000
MsgID.LOCAL_VELOCITY,0.0000000,0.0000000,0.0000000,0.0000000
MsgID.LOCAL_POSITION,159.8830000,207.4714355,-91.1929092,-0.2143722
MsgID.LOCAL_VELOCITY,159.8830000,0.0000961,-0.0002036,0.0000114
MsgID.STATE,0.0000000,True,True,1
MsgID.GLOBAL_HOME,0.0000000,-122.3974533,37.7924804,0.0000000
MsgID.GLOBAL_POSITION,0.0000000,-122.3984787,37.7943489,0.2320000
MsgID.LOCAL_VELOCITY,0.0000000,0.0000000,0.0000000,0.0000000
MsgID.LOCAL_POSITION,160.1330000,207.6053925,-91.1518326,-0.2324513
MsgID.LOCAL_VELOCITY,160.1330000,0.0000584,0.0000418,0.0000280
MsgID.GLOBAL_POSITION,0.0000000,-122.3984789,37.7943480,0.2400000
MsgID.LOCAL_VELOCITY,0.0000000,0.0000000,0.0000000,0.0000000
MsgID.LOCAL_POSITION,160.3830000,207.5036469,-91.1652222,-0.2405571
MsgID.LOCAL_VELOCITY,160.3830000,0.0000720,-0.0001631,0.0000200
MsgID.GLOBAL_POSITION,0.0000000,-122.3984792,37.7943468,0.2430000
MsgID.LOCAL_VELOCITY,0.0000000,0.0000000,0.0000000,0.0000000
MsgID.LOCAL_POSITION,160.6330000,207.3721771,-91.1939163,-0.2432740
MsgID.LOCAL_VELOCITY,160.6330000,0.0000794,-0.0001935,0.0000157
MsgID.GLOBAL_POSITION,0.0000000,-122.3984793,37.7943474,0.2430000
MsgID.LOCAL_VELOCITY,0.0000000,0.0000000,0.0000000,0.0000000
MsgID.LOCAL_POSITION,160.8830000,207.4430084,-91.2062912,-0.2433059
MsgID.LOCAL_VELOCITY,160.8830000,0.0000828,-0.0002136,0.0000178
MsgID.STATE,0.0000000,True,True,1
MsgID.GLOBAL_HOME,0.0000000,-122.3974533,37.7924804,0.0000000
MsgID.GLOBAL_POSITION,0.0000000,-122.3984807,37.7943472,0.2420000
MsgID.LOCAL_VELOCITY,0.0000000,0.0000000,0.0000000,0.0000000
MsgID.LOCAL_POSITION,161.1330000,207.4214020,-91.3256378,-0.2422488
MsgID.LOCAL_VELOCITY,161.1330000,0.0000463,-0.0002046,0.0000415
MsgID.GLOBAL_POSITION,0.0000000,-122.3984788,37.7943481,0.2400000
MsgID.LOCAL_VELOCITY,0.0000000,0.0000000,0.0000000,0.0000000
MsgID.LOCAL_POSITION,161.3860000,207.5249329,-91.1595612,-0.2404786
MsgID.LOCAL_VELOCITY,161.3860000,0.0002210,0.0009743,0.0001720
MsgID.GLOBAL_POSITION,0.0000000,-122.3984774,37.7943488,0.2370000
MsgID.LOCAL_VELOCITY,0.0000000,0.0000000,0.0000000,0.0000000
MsgID.LOCAL_POSITION,161.6360000,207.5993042,-91.0373306,-0.2373220
MsgID.LOCAL_VELOCITY,161.6360000,0.0000857,-0.0000143,0.0000074
MsgID.GLOBAL_POSITION,0.0000000,-122.3984775,37.7943477,0.2310000
MsgID.LOCAL_VELOCITY,0.0000000,0.0000000,0.0000000,0.0000000
MsgID.LOCAL_POSITION,161.8860000,207.4706116,-91.0406876,-0.2311413
MsgID.LOCAL_VELOCITY,161.8860000,0.0000708,-0.0002186,0.0000162
MsgID.STATE,0.0000000,True,True,1
MsgID.GLOBAL_HOME,0.0000000,-122.3974533,37.7924804,0.0000000
MsgID.GLOBAL_POSITION,0.0000000,-122.3984789,37.7943475,0.2190000
MsgID.LOCAL_VELOCITY,0.0000000,0.0000000,0.0000000,0.0000000
MsgID.LOCAL_POSITION,162.1360000,207.4580994,-91.1706848,-0.2196367
MsgID.LOCAL_VELOCITY,162.1360000,0.0000884,-0.0002271,0.0000196
MsgID.GLOBAL_POSITION,0.0000000,-122.3984789,37.7943474,0.1990000
MsgID.LOCAL_VELOCITY,0.0000000,0.0000000,0.0000000,0.0000000
MsgID.LOCAL_POSITION,162.3860000,207.4408569,-91.1660690,-0.1997628
MsgID.LOCAL_VELOCITY,162.3860000,0.0000737,-0.0000434,0.0000121
MsgID.GLOBAL_POSITION,0.0000000,-122.3984796,37.7943463,0.1690000
MsgID.LOCAL_VELOCITY,0.0000000,0.0000000,0.0000000,0.0000000
MsgID.LOCAL_POSITION,162.6360000,207.3160400,-91.2311707,-0.1693321
MsgID.LOCAL_VELOCITY,162.6360000,0.0000576,-0.0002024,0.0000342
MsgID.GLOBAL_POSITION,0.0000000,-122.3984795,37.7943459,0.1280000
MsgID.LOCAL_VELOCITY,0.0000000,0.0000000,0.0000000,0.0000000
MsgID.LOCAL_POSITION,162.8870000,207.2751770,-91.2228775,-0.1284432
MsgID.LOCAL_VELOCITY,162.8870000,0.0000830,-0.0002070,0.0000154
MsgID.STATE,0.0000000,True,True,1
MsgID.GLOBAL_HOME,0.0000000,-122.3974533,37.7924804,0.0000000
MsgID.GLOBAL_POSITION,0.0000000,-122.3984792,37.7943467,0.0810000
MsgID.LOCAL_VELOCITY,0.0000000,0.0000000,0.0000000,0.0000000
MsgID.LOCAL_POSITION,163.1370000,207.3676147,-91.1929932,-0.0814528
MsgID.LOCAL_VELOCITY,163.1370000,0.0000861,-0.0002228,0.0000209
MsgID.GLOBAL_POSITION,0.0000000,-122.3984792,37.7943475,0.0340000
MsgID.LOCAL_VELOCITY,0.0000000,0.0000000,0.0000000,0.0000000
MsgID.LOCAL_POSITION,163.3870000,207.4517670,-91.1927261,-0.0346892
MsgID.LOCAL_VELOCITY,163.3870000,0.0000524,-0.0000782,0.0000165
MsgID.GLOBAL_POSITION,0.0000000,-122.3984792,37.7943479,-0.0050000
MsgID.LOCAL_VELOCITY,0.0000000,0.0000000,0.0000000,0.0000000
MsgID.LOCAL_POSITION,163.6370000,207.4951172,-91.1929932,0.0058901
MsgID.LOCAL_VELOCITY,163.6370000,0.0000761,-0.0002112,0.0000235
MsgID.GLOBAL_POSITION,0.0000000,-122.3984791,37.7943467,-0.0340000
MsgID.LOCAL_VELOCITY,0.0000000,0.0000000,0.0000000,0.0000000
MsgID.LOCAL_POSITION,163.8870000,207.3665009,-91.1898956,0.0342621
MsgID.LOCAL_VELOCITY,163.8870000,0.0000610,-0.0002264,0.0000196
MsgID.STATE,0.0000000,True,True,1
MsgID.GLOBAL_HOME,0.0000000,-122.3974533,37.7924804,0.0000000
MsgID.GLOBAL_POSITION,0.0000000,-122.3984788,37.7943467,-0.0440000
MsgID.LOCAL_VELOCITY,0.0000000,0.0000000,0.0000000,0.0000000
MsgID.LOCAL_POSITION,164.1370000,207.3649292,-91.1590729,0.0441249
MsgID.LOCAL_VELOCITY,164.1370000,0.0000549,-0.0000871,0.0000134
MsgID.GLOBAL_POSITION,0.0000000,-122.3984805,37.7943487,-0.0310000
MsgID.LOCAL_VELOCITY,0.0000000,0.0000000,0.0000000,0.0000000
MsgID.LOCAL_POSITION,164.3870000,207.5846252,-91.3099365,0.0313307
MsgID.LOCAL_VELOCITY,164.3870000,0.0000896,-0.0002053,-0.0000021
MsgID.GLOBAL_POSITION,0.0000000,-122.3984809,37.7943470,0.0030000
MsgID.LOCAL_VELOCITY,0.0000000,0.0000000,0.0000000,0.0000000
MsgID.LOCAL_POSITION,164.6370000,207.3977051,-91.3450699,-0.0032972
MsgID.LOCAL_VELOCITY,164.6370000,0.0000698,-0.0002261,0.0000104
MsgID.GLOBAL_POSITION,0.0000000,-122.3984791,37.7943469,0.0550000
MsgID.LOCAL_VELOCITY,0.0000000,0.0000000,0.0000000,0.0000000
MsgID.LOCAL_POSITION,164.8870000,207.3872681,-91.1860046,-0.0572356
MsgID.LOCAL_VELOCITY,164.8870000,0.0000613,-0.0002223,0.0000146
MsgID.STATE,0.0000000,True,True,1
MsgID.GLOBAL_HOME,0.0000000,-122.3974533,37.7924804,0.0000000
MsgID.GLOBAL_POSITION,0.0000000,-122.3984795,37.7943474,0.1120000
MsgID.LOCAL_VELOCITY,0.0000000,0.0000000,0.0000000,0.0000000
MsgID.LOCAL_POSITION,165.1370000,207.4469910,-91.2181931,-0.1124699
MsgID.LOCAL_VELOCITY,165.1370000,0.0000739,-0.0002037,0.0000144
MsgID.GLOBAL_POSITION,0.0000000,-122.3984813,37.7943460,0.1670000
MsgID.LOCAL_VELOCITY,0.0000000,0.0000000,0.0000000,0.0000000
MsgID.LOCAL_POSITION,165.3870000,207.2846985,-91.3784332,-0.1677426
MsgID.LOCAL_VELOCITY,165.3870000,0.0000736,-0.0000384,0.0000115
MsgID.GLOBAL_POSITION,0.0000000,-122.3984806,37.7943463,0.2070000
MsgID.LOCAL_VELOCITY,0.0000000,0.0000000,0.0000000,0.0000000
MsgID.LOCAL_POSITION,165.6370000,207.3253784,-91.3171616,-0.2075089
MsgID.LOCAL_VELOCITY,165.6370000,0.0000502,0.0005545,-0.0000868
MsgID.GLOBAL_POSITION,0.0000000,-122.3984807,37.7943471,0.2280000
MsgID.LOCAL_VELOCITY,0.0000000,0.0000000,0.0000000,0.0000000
MsgID.LOCAL_POSITION,165.8880000,207.4134064,-91.3238144,-0.2287404
MsgID.LOCAL_VELOCITY,165.8880000,0.0000153,0.0007433,-0.0000692
MsgID.STATE,0.0000000,True,True,1
MsgID.GLOBAL_HOME,0.0000000,-122.3974533,37.7924804,0.0000000
MsgID.GLOBAL_POSITION,0.0000000,-122.3984785,37.7943472,0.2300000
MsgID.LOCAL_VELOCITY,0.0000000,0.0000000,0.0000000,0.0000000
MsgID.LOCAL_POSITION,166.1380000,207.4231415,-91.1271362,-0.2307250
MsgID.LOCAL_VELOCITY,166.1380000,0.0000748,-0.0002134,0.0000123
MsgID.GLOBAL_POSITION,0.0000000,-122.3984779,37.7943486,0.2150000
MsgID.LOCAL_VELOCITY,0.0000000,0.0000000,0.0000000,0.0000000
MsgID.LOCAL_POSITION,166.3880000,207.5727539,-91.0772324,-0.2149645
MsgID.LOCAL_VELOCITY,166.3880000,0.0000626,-0.0002290,0.0000196
MsgID.GLOBAL_POSITION,0.0000000,-122.3984796,37.7943480,0.1880000
MsgID.LOCAL_VELOCITY,0.0000000,0.0000000,0.0000000,0.0000000
MsgID.LOCAL_POSITION,166.6380000,207.5136261,-91.2329865,-0.1885843
MsgID.LOCAL_VELOCITY,166.6380000,0.0000618,0.0001454,0.0000239
MsgID.GLOBAL_POSITION,0.0000000,-122.3984812,37.7943464,0.1600000
MsgID.LOCAL_VELOCITY,0.0000000,0.0000000,0.0000000,0.0000000
MsgID.LOCAL_POSITION,166.8880000,207.3315887,-91.3712692,-0.1603813
MsgID.LOCAL_VELOCITY,166.8880000,0.0000798,-0.0002159,0.0000158
MsgID.STATE,0.0000000,True,True,1
MsgID.GLOBAL_HOME,0.0000000,-122.3974533,37.7924804,0.0000000
MsgID.GLOBAL_POSITION,0.0000000,-122.3984807,37.7943482,0.1230000
MsgID.LOCAL_VELOCITY,0.0000000,0.0000000,0.0000000,0.0000000
MsgID.LOCAL_POSITION,167.1380000,207.5385895,-91.3274460,-0.1229690
MsgID.LOCAL_VELOCITY,167.1380000,0.0000408,0.0005420,-0.0000644
MsgID.GLOBAL_POSITION,0.0000000,-122.3984802,37.7943487,0.1000000
MsgID.LOCAL_VELOCITY,0.0000000,0.0000000,0.0000000,0.0000000
MsgID.LOCAL_POSITION,167.3880000,207.5812836,-91.2737274,-0.0991281
MsgID.LOCAL_VELOCITY,167.3880000,0.0000871,0.0000565,0.0000098
MsgID.GLOBAL_POSITION,0.0000000,-122.3984790,37.7943476,0.0700000
MsgID.LOCAL_VELOCITY,0.0000000,0.0000000,0.0000000,0.0000000
MsgID.LOCAL_POSITION,167.6380000,207.4606934,-91.1776810,-0.0697131
MsgID.LOCAL_VELOCITY,167.6380000,0.0000616,-0.0002281,0.0000247
MsgID.GLOBAL_POSITION,0.0000000,-122.3984809,37.7943473,0.0510000
MsgID.LOCAL_VELOCITY,0.0000000,0.0000000,0.0000000,0.0000000
MsgID.LOCAL_POSITION,167.8880000,207.4340210,-91.3420181,-0.0510909
MsgID.LOCAL_VELOCITY,167.8880000,0.0000652,-0.0002036,0.0000180
MsgID.STATE,0.0000000,True,True,1
MsgID.GLOBAL_HOME,0.0000000,-122.3974533,37.7924804,0.0000000
MsgID.GLOBAL_POSITION,0.0000000,-122.3984782,37.7943470,0.0430000
MsgID.LOCAL_VELOCITY,0.0000000,0.0000000,0.0000000,0.0000000
MsgID.LOCAL_POSITION,168.1380000,207.3949432,-91.1038132,-0.0437913
MsgID.LOCAL_VELOCITY,168.1380000,0.0000757,-0.0002184,0.0000084
MsgID.GLOBAL_POSITION,0.0000000,-122.3984786,37.7943477,0.0430000
MsgID.LOCAL_VELOCITY,0.0000000,0.0000000,0.0000000,0.0000000
MsgID.LOCAL_POSITION,168.3880000,207.4805298,-91.1503906,-0.0430562
MsgID.LOCAL_VELOCITY,168.3880000,0.0000775,-0.0002147,0.0000163
MsgID.GLOBAL_POSITION,0.0000000,-122.3984805,37.7943478,0.0440000
MsgID.LOCAL_VELOCITY,0.0000000,0.0000000,0.0000000,0.0000000
MsgID.LOCAL_POSITION,168.6410000,207.4766693,-91.3085098,-0.0445070
MsgID.LOCAL_VELOCITY,168.6410000,0.0000109,0.0007595,-0.0000656
MsgID.GLOBAL_POSITION,0.0000000,-122.3984791,37.7943463,0.0440000
MsgID.LOCAL_VELOCITY,0.0000000,0.0000000,0.0000000,0.0000000
MsgID.LOCAL_POSITION,168.8910000,207.3181458,-91.1863632,-0.0447465
MsgID.LOCAL_VELOCITY,168.8910000,0.0000712,-0.0002102,0.0000062
MsgID.STATE,0.0000000,True,True,1
MsgID.GLOBAL_HOME,0.0000000,-122.3974533,37.7924804,0.0000000
MsgID.GLOBAL_POSITION,0.0000000,-122.3984806,37.7943468,0.0420000
MsgID.LOCAL_VELOCITY,0.0000000,0.0000000,0.0000000,0.0000000
MsgID.LOCAL_POSITION,169.1410000,207.3827515,-91.3252106,-0.0423921
MsgID.LOCAL_VELOCITY,169.1410000,0.0000608,-0.0002199,0.0000196
MsgID.GLOBAL_POSITION,0.0000000,-122.3984802,37.7943474,0.0400000
MsgID.LOCAL_VELOCITY,0.0000000,0.0000000,0.0000000,0.0000000
MsgID.LOCAL_POSITION,169.3910000,207.4420776,-91.2830429,-0.0404605
MsgID.LOCAL_VELOCITY,169.3910000,0.0000685,-0.0001958,0.0000268
MsgID.GLOBAL_POSITION,0.0000000,-122.3984783,37.7943475,0.0340000
MsgID.LOCAL_VELOCITY,0.0000000,0.0000000,0.0000000,0.0000000
MsgID.LOCAL_POSITION,169.6410000,207.4580994,-91.1146240,-0.0343403
MsgID.LOCAL_VELOCITY,169.6410000,0.0000739,-0.0002173,0.0000056
MsgID.GLOBAL_POSITION,0.0000000,-122.3984791,37.7943475,0.0290000
MsgID.LOCAL_VELOCITY,0.0000000,0.0000000,0.0000000,0.0000000
MsgID.LOCAL_POSITION,169.8910000,207.4587250,-91.1849976,-0.0290801
MsgID.LOCAL_VELOCITY,169.8910000,0.0000514,-0.0002184,0.0000164
MsgID.STATE,0.0000000,True,True,1
MsgID.GLOBAL_HOME,0.0000000,-122.3974533,37.7924804,0.0000000
MsgID.GLOBAL_POSITION,0.0000000,-122.3984779,37.7943475,0.0260000
MsgID.LOCAL_VELOCITY,0.0000000,0.0000000,0.0000000,0.0000000
MsgID.LOCAL_POSITION,170.1410000,207.4580994,-91.0664902,-0.0259699
MsgID.LOCAL_VELOCITY,170.1410000,0.0000513,-0.0002155,0.0000229
MsgID.GLOBAL_POSITION,0.0000000,-122.3984781,37.7943475,0.0210000
MsgID.LOCAL_VELOCITY,0.0000000,0.0000000,0.0000000,0.0000000
MsgID.LOCAL_POSITION,170.3910000,207.4580841,-91.1062241,-0.0215207
MsgID.LOCAL_VELOCITY,170.3910000,0.0000447,-0.0001485,0.0000158
MsgID.GLOBAL_POSITION,0.0000000,-122.3984792,37.7943476,0.0140000
MsgID.LOCAL_VELOCITY,0.0000000,0.0000000,0.0000000,0.0000000
MsgID.LOCAL_POSITION,170.6410000,207.4621277,-91.1929550,-0.0137348
MsgID.LOCAL_VELOCITY,170.6410000,0.0000687,-0.0002265,0.0000082
MsgID.GLOBAL_POSITION,0.0000000,-122.3984792,37.7943478,0.0020000
MsgID.LOCAL_VELOCITY,0.0000000,0.0000000,0.0000000,0.0000000
MsgID.LOCAL_POSITION,170.8910000,207.4832001,-91.1938553,-0.0013925
MsgID.LOCAL_VELOCITY,170.8910000,0.0000493,-0.0002239,0.0000075
MsgID.STATE,0.0000000,True,True,1
MsgID.GLOBAL_HOME,0.0000000,-122.3974533,37.7924804,0.0000000
MsgID.GLOBAL_POSITION,0.0000000,-122.3984796,37.7943477,-0.0140000
MsgID.LOCAL_VELOCITY,0.0000000,0.0000000,0.0000000,0.0000000
MsgID.LOCAL_POSITION,171.1410000,207.4820404,-91.2301865,0.0157650
MsgID.LOCAL_VELOCITY,171.1410000,0.0000171,-0.0002485,0.0000377
MsgID.GLOBAL_POSITION,0.0000000,-122.3984783,37.7943489,-0.0350000
MsgID.LOCAL_VELOCITY,0.0000000,0.0000000,0.0000000,0.0000000
MsgID.LOCAL_POSITION,171.3920000,207.6080170,-91.1008301,0.0365905
MsgID.LOCAL_VELOCITY,171.3920000,0.0000331,-0.0002372,-0.0000106
MsgID.GLOBAL_POSITION,0.0000000,-122.3984771,37.7943481,-0.0570000
MsgID.LOCAL_VELOCITY,0.0000000,0.0000000,0.0000000,0.0000000
MsgID.LOCAL_POSITION,171.6420000,207.5120697,-91.0123367,0.0587750
MsgID.LOCAL_VELOCITY,171.6420000,0.0000059,-0.0002585,-0.0000004
MsgID.GLOBAL_POSITION,0.0000000,-122.3984783,37.7943475,-0.0780000
MsgID.LOCAL_VELOCITY,0.0000000,0.0000000,0.0000000,-0.0100000
MsgID.LOCAL_POSITION,171.8920000,207.4580994,-91.1197205,0.0788883
MsgID.LOCAL_VELOCITY,171.8920000,-0.0000947,-0.0000849,-0.0288667
MsgID.STATE,0.0000000,True,True,1
MsgID.GLOBAL_HOME,0.0000000,-122.3974533,37.7924804,0.0000000
MsgID.GLOBAL_POSITION,0.0000000,-122.3984797,37.7943476,-0.0810000
MsgID.LOCAL_VELOCITY,0.0000000,0.0000000,0.0000000,-0.0800000
MsgID.LOCAL_POSITION,172.1420000,207.4628448,-91.2433167,0.0812340
MsgID.LOCAL_VELOCITY,172.1420000,-0.0089675,0.0088642,-0.0941475
MsgID.GLOBAL_POSITION,0.0000000,-122.3984812,37.7943486,-0.0660000
MsgID.LOCAL_VELOCITY,0.0000000,-0.0100000,0.0200000,-0.0600000
MsgID.LOCAL_POSITION,172.3920000,207.5825653,-91.3708267,0.0664658
MsgID.LOCAL_VELOCITY,172.3920000,-0.0182410,0.0271348,-0.0672873
MsgID.GLOBAL_POSITION,0.0000000,-122.3984805,37.7943483,-0.0510000
MsgID.LOCAL_VELOCITY,0.0000000,-0.0200000,0.0400000,-0.0300000
MsgID.LOCAL_POSITION,172.6420000,207.5399933,-91.3094406,0.0515918
MsgID.LOCAL_VELOCITY,172.6420000,-0.0296435,0.0499754,-0.0421205
MsgID.GLOBAL_POSITION,0.0000000,-122.3984804,37.7943476,-0.0430000
MsgID.LOCAL_VELOCITY,0.0000000,-0.0300000,0.0500000,-0.0800000
MsgID.LOCAL_POSITION,172.8920000,207.4388580,-91.3005905,0.0394820
MsgID.LOCAL_VELOCITY,172.8920000,-0.0340690,0.0510188,-0.1036989
MsgID.STATE,0.0000000,True,True,1
MsgID.GLOBAL_HOME,0.0000000,-122.3974533,37.7924804,0.0000000
MsgID.GLOBAL_POSITION,0.0000000,-122.3984783,37.7943462,-0.0190000
MsgID.LOCAL_VELOCITY,0.0000000,-0.0100000,0.0300000,0.2300000
MsgID.LOCAL_POSITION,173.1420000,207.3130493,-91.1047058,0.0210720
MsgID.LOCAL_VELOCITY,173.1420000,-0.0192944,0.0393439,0.2424650
MsgID.GLOBAL_POSITION,0.0000000,-122.3984774,37.7943472,-0.0330000
MsgID.LOCAL_VELOCITY,0.0000000,-0.0100000,0.0200000,0.1100000
MsgID.LOCAL_POSITION,173.3920000,207.4217682,-91.0430832,0.0334515
MsgID.LOCAL_VELOCITY,173.3920000,-0.0106482,0.0280768,0.1155041
MsgID.GLOBAL_POSITION,0.0000000,-122.3984786,37.7943471,-0.0040000
MsgID.LOCAL_VELOCITY,0.0000000,0.0000000,0.0000000,0.0000000
MsgID.LOCAL_POSITION,173.6420000,207.4047546,-91.1434860,0.0029142
MsgID.LOCAL_VELOCITY,173.6420000,-0.0000018,0.0000020,0.0000008
MsgID.GLOBAL_POSITION,0.0000000,-122.3984786,37.7943462,0.0220000
MsgID.LOCAL_VELOCITY,0.0000000,0.0000000,0.0000000,0.0000000
MsgID.LOCAL_POSITION,173.8920000,207.3123779,-91.1440964,-0.0227019
MsgID.LOCAL_VELOCITY,173.8920000,0.0000025,0.0000126,0.0000047
MsgID.STATE,0.0000000,True,True,1
MsgID.GLOBAL_HOME,0.0000000,-122.3974533,37.7924804,0.0000000
MsgID.GLOBAL_POSITION,0.0000000,-122.3984786,37.7943475,0.0870000
MsgID.LOCAL_VELOCITY,0.0000000,0.0000000,0.0000000,0.0000000
MsgID.LOCAL_POSITION,174.1420000,207.4530182,-91.1431274,-0.0875317
MsgID.LOCAL_VELOCITY,174.1420000,-0.0000044,0.0000176,0.0000108
MsgID.GLOBAL_POSITION,0.0000000,-122.3984786,37.7943479,0.0960000
MsgID.LOCAL_VELOCITY,0.0000000,0.0000000,0.0000000,0.0000000
MsgID.LOCAL_POSITION,174.3930000,207.5239563,-91.1446991,-0.1020770
MsgID.LOCAL_VELOCITY,174.3930000,0.0000069,0.0000370,0.0000117
MsgID.GLOBAL_POSITION,0.0000000,-122.3984806,37.7943460,0.1860000
MsgID.LOCAL_VELOCITY,0.0000000,0.0000000,0.0000000,0.0000000
MsgID.LOCAL_POSITION,174.6430000,207.2901001,-91.3221283,-0.1873207
MsgID.LOCAL_VELOCITY,174.6430000,-0.0000047,0.0000561,0.0000274
MsgID.GLOBAL_POSITION,0.0000000,-122.3984789,37.7943468,0.2080000
MsgID.LOCAL_VELOCITY,0.0000000,0.0000000,0.0000000,0.0000000
MsgID.LOCAL_POSITION,174.8930000,207.3789520,-91.1627350,-0.2088280
MsgID.LOCAL_VELOCITY,174.8930000,-0.0001670,0.0001340,0.0000370
MsgID.STATE,0.0000000,True,True,1
MsgID.GLOBAL_HOME,0.0000000,-122.3974533,37.7924804,0.0000000
MsgID.GLOBAL_POSITION,0.0000000,-122.3984795,37.7943483,0.2110000
MsgID.LOCAL_VELOCITY,0.0000000,0.0000000,0.0000000,0.0000000
MsgID.LOCAL_POSITION,175.1430000,207.5431519,-91.2227936,-0.2110306
MsgID.LOCAL_VELOCITY,175.1430000,-0.0000075,0.0000394,0.0000149
MsgID.GLOBAL_POSITION,0.0000000,-122.3984801,37.7943484,0.2040000
MsgID.LOCAL_VELOCITY,0.0000000,0.0000000,0.0000000,0.0000000
MsgID.LOCAL_POSITION,175.3930000,207.5527039,-91.2713242,-0.2044396
MsgID.LOCAL_VELOCITY,175.3930000,-0.0000054,0.0000568,0.0000157
MsgID.GLOBAL_POSITION,0.0000000,-122.3984772,37.7943471,0.1830000
MsgID.LOCAL_VELOCITY,0.0000000,0.0000000,0.0000000,-0.4900000
MsgID.LOCAL_POSITION,175.6430000,207.4090424,-91.0186157,-0.1837159
MsgID.LOCAL_VELOCITY,175.6430000,0.0000343,-0.0011915,-0.4983836
MsgID.GLOBAL_POSITION,0.0000000,-122.3984786,37.7943475,0.4780000
MsgID.LOCAL_VELOCITY,0.0000000,0.0000000,-0.0300000,-2.2900000
MsgID.LOCAL_POSITION,175.8960000,207.4612427,-91.1508026,-0.5339671
MsgID.LOCAL_VELOCITY,175.8960000,0.0095483,-0.0360378,-2.4757502
MsgID.STATE,0.0000000,True,True,1
MsgID.GLOBAL_HOME,0.0000000,-122.3974533,37.7924804,0.0000000
MsgID.GLOBAL_POSITION,0.0000000,-122.3984774,37.7943468,1.2420000
MsgID.LOCAL_VELOCITY,0.0000000,0.0000000,-0.0200000,-2.6800000
MsgID.LOCAL_POSITION,176.1460000,207.3725128,-91.0359802,-1.2573297
MsgID.LOCAL_VELOCITY,176.1460000,0.0085507,-0.0294364,-2.6877708
MsgID.GLOBAL_POSITION,0.0000000,-122.3984784,37.7943460,1.8750000
MsgID.LOCAL_VELOCITY,0.0000000,0.0100000,-0.0300000,-2.7900000
MsgID.LOCAL_POSITION,176.3960000,207.2831726,-91.1214294,-1.8751068
MsgID.LOCAL_VELOCITY,176.3960000,0.0176036,-0.0343393,-2.7933307
MsgID.GLOBAL_POSITION,0.0000000,-122.3984783,37.7943472,2.5470000
MsgID.LOCAL_VELOCITY,0.0000000,0.0300000,-0.0300000,-2.8600000
MsgID.LOCAL_POSITION,176.6460000,207.4196625,-91.1149597,-2.5475357
MsgID.LOCAL_VELOCITY,176.6460000,0.0374792,-0.0309608,-2.8637917
MsgID.GLOBAL_POSITION,0.0000000,-122.3984785,37.7943474,2.9110000
MsgID.LOCAL_VELOCITY,0.0000000,0.0300000,-0.0300000,-2.9200000
MsgID.LOCAL_POSITION,176.8960000,207.4427643,-91.1364594,-2.9115870
MsgID.LOCAL_VELOCITY,176.8960000,0.0379831,-0.0300146,-2.9219201
MsgID.STATE,0.0000000,True,True,1
MsgID.GLOBAL_HOME,0.0000000,-122.3974533,37.7924804,0.0000000
MsgID.GLOBAL_POSITION,0.0000000,-122.3984802,37.7943475,3.3880000
MsgID.LOCAL_VELOCITY,0.0000000,0.0200000,-0.0300000,-3.0500000
MsgID.LOCAL_POSITION,177.1460000,207.4478149,-91.2792740,-3.3880196
MsgID.LOCAL_VELOCITY,177.1460000,0.0269984,-0.0336047,-3.0593371
MsgID.GLOBAL_POSITION,0.0000000,-122.3984790,37.7943474,4.6330000
MsgID.LOCAL_VELOCITY,0.0000000,0.0500000,0.0800000,-2.8800000
MsgID.LOCAL_POSITION,177.3960000,207.4486694,-91.1841583,-4.6975207
MsgID.LOCAL_VELOCITY,177.3960000,0.0606622,0.0813269,-2.8964443
MsgID.GLOBAL_POSITION,0.0000000,-122.3984802,37.7943489,5.4280000
MsgID.LOCAL_VELOCITY,0.0000000,0.0200000,0.0200000,-3.0400000
MsgID.LOCAL_POSITION,177.6460000,207.6037750,-91.2859421,-5.4289389
MsgID.LOCAL_VELOCITY,177.6460000,0.0276853,0.0209044,-3.0482194
MsgID.GLOBAL_POSITION,0.0000000,-122.3984778,37.7943478,6.2190000
MsgID.LOCAL_VELOCITY,0.0000000,0.0000000,0.0000000,-3.1200000
MsgID.LOCAL_POSITION,177.8960000,207.4853973,-91.0662003,-6.2198124
MsgID.LOCAL_VELOCITY,177.8960000,-0.0024811,0.0026681,-3.1236238
MsgID.STATE,0.0000000,True,True,1
MsgID.GLOBAL_HOME,0.0000000,-122.3974533,37.7924804,0.0000000
MsgID.GLOBAL_POSITION,0.0000000,-122.3984780,37.7943472,7.0300000
MsgID.LOCAL_VELOCITY,0.0000000,0.0000000,-0.0100000,-3.1700000
MsgID.LOCAL_POSITION,178.1460000,207.4221191,-91.0886002,-7.0304766
MsgID.LOCAL_VELOCITY,178.1460000,0.0042379,-0.0169014,-3.1776989
MsgID.GLOBAL_POSITION,0.0000000,-122.3984787,37.7943475,7.4090000
MsgID.LOCAL_VELOCITY,0.0000000,0.0100000,-0.0200000,-3.2000000
MsgID.LOCAL_POSITION,178.3960000,207.4580383,-91.1504135,-7.4094720
MsgID.LOCAL_VELOCITY,178.3960000,0.0136385,-0.0244130,-3.2009883
MsgID.GLOBAL_POSITION,0.0000000,-122.3984790,37.7943478,8.4950000
MsgID.LOCAL_VELOCITY,0.0000000,0.0000000,0.0000000,-3.3000000
MsgID.LOCAL_POSITION,178.6460000,207.4846344,-91.1725845,-8.4955854
MsgID.LOCAL_VELOCITY,178.6460000,-0.0035060,-0.0073906,-3.3040700
MsgID.GLOBAL_POSITION,0.0000000,-122.3984791,37.7943478,8.9470000
MsgID.LOCAL_VELOCITY,0.0000000,-0.0200000,0.0000000,-3.2500000
MsgID.LOCAL_POSITION,178.8970000,207.4819336,-91.1936111,-9.0144596
MsgID.LOCAL_VELOCITY,178.8970000,-0.0227419,-0.0017147,-3.2454581
MsgID.STATE,0.0000000,True,True,1
MsgID.GLOBAL_HOME,0.0000000,-122.3974533,37.7924804,0.0000000
MsgID.GLOBAL_POSITION,0.0000000,-122.3984789,37.7943491,10.4090000
MsgID.LOCAL_VELOCITY,0.0000000,0.1100000,0.0200000,-3.3300000
MsgID.LOCAL_POSITION,179.1470000,207.6365662,-91.1632004,-10.4203072
MsgID.LOCAL_VELOCITY,179.1470000,0.1166836,0.0238956,-3.3357558
MsgID.GLOBAL_POSITION,0.0000000,-122.3984774,37.7943478,11.2600000
MsgID.LOCAL_VELOCITY,0.0000000,0.0300000,0.0000000,-3.3500000
MsgID.LOCAL_POSITION,179.3970000,207.4821014,-91.0303116,-11.2606792
MsgID.LOCAL_VELOCITY,179.3970000,0.0384744,0.0001705,-3.3547051
MsgID.GLOBAL_POSITION,0.0000000,-122.3984791,37.7943475,12.1430000
MsgID.LOCAL_VELOCITY,0.0000000,0.0000000,-0.0200000,-3.4000000
MsgID.LOCAL_POSITION,179.6470000,207.4521942,-91.1816406,-12.1436148
MsgID.LOCAL_VELOCITY,179.6470000,0.0019041,-0.0224873,-3.4092519
MsgID.GLOBAL_POSITION,0.0000000,-122.3984805,37.7943495,13.0300000
MsgID.LOCAL_VELOCITY,0.0000000,0.0100000,-0.0200000,-3.4300000
MsgID.LOCAL_POSITION,179.8970000,207.6749878,-91.3105774,-13.0304852
MsgID.LOCAL_VELOCITY,179.8970000,0.0146185,-0.0201144,-3.4399228
MsgID.STATE,0.0000000,True,True,1
MsgID.GLOBAL_HOME,0.0000000,-122.3974533,37.7924804,0.0000000
MsgID.GLOBAL_POSITION,0.0000000,-122.3984790,37.7943483,13.9200000
MsgID.LOCAL_VELOCITY,0.0000000,0.0000000,0.0000000,-3.5000000
MsgID.LOCAL_POSITION,180.1470000,207.5395508,-91.1665573,-13.9457245
MsgID.LOCAL_VELOCITY,180.1470000,-0.0009434,-0.0049102,-3.5086455
MsgID.GLOBAL_POSITION,0.0000000,-122.3984779,37.7943477,14.8070000
MsgID.LOCAL_VELOCITY,0.0000000,0.0000000,-0.0100000,-3.5400000
MsgID.LOCAL_POSITION,180.3970000,207.4758453,-91.0758133,-14.8073177
MsgID.LOCAL_VELOCITY,180.3970000,-0.0036169,-0.0111104,-3.5452659
MsgID.GLOBAL_POSITION,0.0000000,-122.3984807,37.7943483,15.6870000
MsgID.LOCAL_VELOCITY,0.0000000,0.0000000,-0.0200000,-3.5400000
MsgID.LOCAL_POSITION,180.6470000,207.5381012,-91.3253098,-15.6879072
MsgID.LOCAL_VELOCITY,180.6470000,0.0094508,-0.0221236,-3.5493855
MsgID.GLOBAL_POSITION,0.0000000,-122.3984795,37.7943482,16.5580000
MsgID.LOCAL_VELOCITY,0.0000000,0.0000000,0.0000000,-3.5800000
MsgID.LOCAL_POSITION,180.8970000,207.5353699,-91.2185211,-16.5589085
MsgID.LOCAL_VELOCITY,180.8970000,0.0069675,-0.0090834,-3.5806797
MsgID.STATE,0.0000000,True,True,1
MsgID.GLOBAL_HOME,0.0000000,-122.3974533,37.7924804,0.0000000
MsgID.GLOBAL_POSITION,0.0000000,-122.3984793,37.7943482,17.4270000
MsgID.LOCAL_VELOCITY,0.0000000,0.0000000,0.0000000,-3.6400000
MsgID.LOCAL_POSITION,181.1470000,207.5256653,-91.2075348,-17.4304981
MsgID.LOCAL_VELOCITY,181.1470000,0.0019200,-0.0069562,-3.6491897
MsgID.GLOBAL_POSITION,0.0000000,-122.3984789,37.7943485,18.2990000
MsgID.LOCAL_VELOCITY,0.0000000,0.0000000,-0.0100000,-3.6700000
MsgID.LOCAL_POSITION,181.3970000,207.5692444,-91.1632462,-18.3121891
MsgID.LOCAL_VELOCITY,181.3970000,0.0015003,-0.0114813,-3.6809862
MsgID.GLOBAL_POSITION,0.0000000,-122.3984800,37.7943493,19.1790000
MsgID.LOCAL_VELOCITY,0.0000000,0.0000000,-0.0100000,-3.7100000
MsgID.LOCAL_POSITION,181.6470000,207.6535187,-91.2695236,-19.1886826
MsgID.LOCAL_VELOCITY,181.6470000,0.0004872,-0.0150960,-3.7170558
MsgID.GLOBAL_POSITION,0.0000000,-122.3984812,37.7943475,19.9880000
MsgID.LOCAL_VELOCITY,0.0000000,0.0000000,-0.0100000,-2.4800000
MsgID.LOCAL_POSITION,181.8980000,207.4490509,-91.3747787,-19.9985771
MsgID.LOCAL_VELOCITY,181.8980000,-0.0046083,-0.0122255,-2.4378073
MsgID.STATE,0.0000000,True,True,1
MsgID.GLOBAL_HOME,0.0000000,-122.3974533,37.7924804,0.0000000
MsgID.GLOBAL_POSITION,0.0000000,-122.3984806,37.7943467,20.2560000
MsgID.LOCAL_VELOCITY,0.0000000,0.0000000,-0.0100000,0.0400000
MsgID.LOCAL_POSITION,182.1480000,207.3682556,-91.3231430,-20.2561283
MsgID.LOCAL_VELOCITY,182.1480000,-0.0043334,-0.0114963,0.0479985
MsgID.GLOBAL_POSITION,0.0000000,-122.3984804,37.7943468,19.9680000
MsgID.LOCAL_VELOCITY,0.0000000,0.0000000,0.0000000,1.5100000
MsgID.LOCAL_POSITION,182.3980000,207.3793030,-91.2941742,-19.9617519
MsgID.LOCAL_VELOCITY,182.3980000,0.0052837,-0.0074971,1.4968746
MsgID.GLOBAL_POSITION,0.0000000,-122.3984779,37.7943482,19.7750000
MsgID.LOCAL_VELOCITY,0.0000000,0.0200000,0.0000000,-0.0900000
MsgID.LOCAL_POSITION,182.6480000,207.5384521,-91.0762558,-19.7767429
MsgID.LOCAL_VELOCITY,182.6480000,0.0270588,-0.0022999,-0.1229777
MsgID.GLOBAL_POSITION,0.0000000,-122.3984788,37.7943490,19.8850000
MsgID.LOCAL_VELOCITY,0.0000000,0.0100000